9.608873400330000436e+01 1.200000000000000000e+01
9.609373400329999981e+01 1.500000000000000000e+01
9.609873400329999527e+01 1.700000000000000000e+01
9.610373400329999072e+01 1.900000000000000000e+01
9.610873400329998617e+01 1.500000000000000000e+01
9.611373400329998162e+01 1.300000000000000000e+01
9.611873400329997708e+01 1.400000000000000000e+01
9.612373400329997253e+01 1.700000000000000000e+01
9.612873400329996798e+01 1.000000000000000000e+01
9.613373400329996343e+01 2.500000000000000000e+01
9.613873400329995889e+01 1.400000000000000000e+01
9.614373400329995434e+01 2.500000000000000000e+01
9.614873400329994979e+01 3.000000000000000000e+01
9.615373400329994524e+01 6.500000000000000000e+01
9.615873400329994070e+01 9.000000000000000000e+01
9.616373400329993615e+01 1.420000000000000000e+02
9.616873400329993160e+01 2.060000000000000000e+02
9.617373400329992705e+01 2.190000000000000000e+02
9.617873400329992251e+01 1.560000000000000000e+02
9.618373400329991796e+01 1.430000000000000000e+02
9.618873400329991341e+01 1.160000000000000000e+02
9.619373400329990886e+01 1.930000000000000000e+02
9.619873400329990432e+01 3.150000000000000000e+02
9.620373400329989977e+01 3.140000000000000000e+02
9.620873400329989522e+01 3.080000000000000000e+02
9.621373400329989067e+01 3.120000000000000000e+02
9.621873400329988613e+01 2.920000000000000000e+02
9.622373400329988158e+01 2.720000000000000000e+02
9.622873400329987703e+01 2.090000000000000000e+02
9.623373400329987248e+01 1.720000000000000000e+02
9.623873400329986794e+01 1.690000000000000000e+02
9.624373400329986339e+01 1.350000000000000000e+02
9.624873400329985884e+01 1.480000000000000000e+02
9.625373400329985429e+01 1.190000000000000000e+02
9.625873400329984975e+01 9.400000000000000000e+01
9.626373400329984520e+01 8.100000000000000000e+01
9.626873400329984065e+01 9.300000000000000000e+01
9.627373400329983610e+01 1.600000000000000000e+02
9.627873400329983156e+01 1.830000000000000000e+02
9.628373400329982701e+01 1.430000000000000000e+02
9.628873400329982246e+01 1.210000000000000000e+02
9.629373400329981791e+01 1.090000000000000000e+02
9.629873400329981337e+01 1.120000000000000000e+02
9.630373400329980882e+01 1.150000000000000000e+02
9.630873400329980427e+01 1.250000000000000000e+02
9.631373400329979972e+01 1.270000000000000000e+02
9.631873400329979518e+01 1.820000000000000000e+02
9.632373400329979063e+01 1.640000000000000000e+02
9.632873400329978608e+01 1.250000000000000000e+02
9.633373400329978153e+01 8.700000000000000000e+01
9.633873400329977699e+01 1.010000000000000000e+02
9.634373400329977244e+01 6.800000000000000000e+01
9.634873400329976789e+01 7.600000000000000000e+01
9.635373400329976334e+01 7.400000000000000000e+01
9.635873400329975880e+01 6.800000000000000000e+01
9.636373400329975425e+01 5.300000000000000000e+01
9.636873400329974970e+01 5.400000000000000000e+01
9.637373400329974515e+01 6.200000000000000000e+01
9.637873400329974061e+01 5.400000000000000000e+01
9.638373400329973606e+01 5.800000000000000000e+01
9.638873400329973151e+01 4.700000000000000000e+01
9.639373400329972696e+01 6.200000000000000000e+01
9.639873400329972242e+01 5.300000000000000000e+01
9.640373400329971787e+01 5.100000000000000000e+01
9.640873400329971332e+01 5.400000000000000000e+01
9.641373400329970877e+01 4.600000000000000000e+01
9.641873400329970423e+01 5.400000000000000000e+01
9.642373400329969968e+01 5.500000000000000000e+01
9.642873400329969513e+01 4.000000000000000000e+01
9.643373400329969058e+01 3.900000000000000000e+01
9.643873400329968604e+01 4.400000000000000000e+01
9.644373400329968149e+01 6.000000000000000000e+01
9.644873400329967694e+01 9.400000000000000000e+01
9.645373400329967239e+01 1.200000000000000000e+02
9.645873400329966785e+01 1.490000000000000000e+02
9.646373400329966330e+01 1.440000000000000000e+02
9.646873400329965875e+01 1.800000000000000000e+02
9.647373400329965420e+01 1.280000000000000000e+02
9.647873400329964966e+01 9.400000000000000000e+01
9.648373400329964511e+01 8.300000000000000000e+01
9.648873400329964056e+01 7.500000000000000000e+01
9.649373400329963602e+01 6.100000000000000000e+01
9.649873400329963147e+01 4.900000000000000000e+01
9.650373400329962692e+01 4.800000000000000000e+01
9.650873400329962237e+01 4.500000000000000000e+01
9.651373400329961783e+01 5.000000000000000000e+01
9.651873400329961328e+01 4.200000000000000000e+01
9.652373400329960873e+01 4.400000000000000000e+01
9.652873400329960418e+01 5.700000000000000000e+01
9.653373400329959964e+01 4.400000000000000000e+01
9.653873400329959509e+01 4.300000000000000000e+01
9.654373400329959054e+01 3.900000000000000000e+01
9.654873400329958599e+01 4.700000000000000000e+01
9.655373400329958145e+01 3.900000000000000000e+01
9.655873400329957690e+01 5.600000000000000000e+01
9.656373400329957235e+01 1.330000000000000000e+02
9.656873400329956780e+01 1.230000000000000000e+02
9.657373400329956326e+01 8.800000000000000000e+01
9.657873400329955871e+01 5.600000000000000000e+01
9.658373400329955416e+01 6.000000000000000000e+01
9.658873400329954961e+01 5.000000000000000000e+01
9.659373400329954507e+01 3.800000000000000000e+01
9.659873400329954052e+01 3.800000000000000000e+01
9.660373400329953597e+01 2.600000000000000000e+01
9.660873400329953142e+01 3.300000000000000000e+01
9.661373400329952688e+01 3.100000000000000000e+01
9.661873400329952233e+01 3.200000000000000000e+01
9.662373400329951778e+01 3.700000000000000000e+01
9.662873400329951323e+01 2.700000000000000000e+01
9.663373400329950869e+01 3.100000000000000000e+01
9.663873400329950414e+01 2.200000000000000000e+01
9.664373400329949959e+01 4.000000000000000000e+01
9.664873400329949504e+01 2.800000000000000000e+01
9.665373400329949050e+01 2.900000000000000000e+01
9.665873400329948595e+01 2.300000000000000000e+01
9.666373400329948140e+01 1.700000000000000000e+01
9.666873400329947685e+01 2.300000000000000000e+01
9.667373400329947231e+01 3.300000000000000000e+01
